1000
1 1 2
1 1 11
2 2 3
2 1 12
3 3 4
3 1 13
4 4 5
4 1 14
5 5 6
5 1 15
6 6 7
6 1 16
7 7 8
7 1 17
8 8 9
8 1 18
9 9 10
9 1 19
10 10 1
10 1 20
11 1 12
11 1 21
12 2 13
12 1 22
13 3 14
13 1 23
14 4 15
14 1 24
15 5 16
15 1 25
16 6 17
16 1 26
17 7 18
17 1 27
18 8 19
18 1 28
19 9 20
19 1 29
20 10 11
20 1 30
21 1 22
21 1 31
22 2 23
22 1 32
23 3 24
23 1 33
24 4 25
24 1 34
25 5 26
25 1 35
26 6 27
26 1 36
27 7 28
27 1 37
28 8 29
28 1 38
29 9 30
29 1 39
30 10 21
30 1 40
31 1 32
31 1 41
32 2 33
32 1 42
33 3 34
33 1 43
34 4 35
34 1 44
35 5 36
35 1 45
36 6 37
36 1 46
37 7 38
37 1 47
38 8 39
38 1 48
39 9 40
39 1 49
40 10 31
40 1 50
41 1 42
41 1 51
42 2 43
42 1 52
43 3 44
43 1 53
44 4 45
44 1 54
45 5 46
45 1 55
46 6 47
46 1 56
47 7 48
47 1 57
48 8 49
48 1 58
49 9 50
49 1 59
50 10 41
50 1 60
51 1 52
51 1 61
52 2 53
52 1 62
53 3 54
53 1 63
54 4 55
54 1 64
55 5 56
55 1 65
56 6 57
56 1 66
57 7 58
57 1 67
58 8 59
58 1 68
59 9 60
59 1 69
60 10 51
60 1 70
61 1 62
61 1 71
62 2 63
62 1 72
63 3 64
63 1 73
64 4 65
64 1 74
65 5 66
65 1 75
66 6 67
66 1 76
67 7 68
67 1 77
68 8 69
68 1 78
69 9 70
69 1 79
70 10 61
70 1 80
71 1 72
71 1 81
72 2 73
72 1 82
73 3 74
73 1 83
74 4 75
74 1 84
75 5 76
75 1 85
76 6 77
76 1 86
77 7 78
77 1 87
78 8 79
78 1 88
79 9 80
79 1 89
80 10 71
80 1 90
81 1 82
81 1 91
82 2 83
82 1 92
83 3 84
83 1 93
84 4 85
84 1 94
85 5 86
85 1 95
86 6 87
86 1 96
87 7 88
87 1 97
88 8 89
88 1 98
89 9 90
89 1 99
90 10 81
90 1 100
91 1 92
91 1 101
92 2 93
92 1 102
93 3 94
93 1 103
94 4 95
94 1 104
95 5 96
95 1 105
96 6 97
96 1 106
97 7 98
97 1 107
98 8 99
98 1 108
99 9 100
99 1 109
100 10 91
100 1 110
101 1 102
101 1 111
102 2 103
102 1 112
103 3 104
103 1 113
104 4 105
104 1 114
105 5 106
105 1 115
106 6 107
106 1 116
107 7 108
107 1 117
108 8 109
108 1 118
109 9 110
109 1 119
110 10 101
110 1 120
111 1 112
111 1 121
112 2 113
112 1 122
113 3 114
113 1 123
114 4 115
114 1 124
115 5 116
115 1 125
116 6 117
116 1 126
117 7 118
117 1 127
118 8 119
118 1 128
119 9 120
119 1 129
120 10 111
120 1 130
121 1 122
121 1 131
122 2 123
122 1 132
123 3 124
123 1 133
124 4 125
124 1 134
125 5 126
125 1 135
126 6 127
126 1 136
127 7 128
127 1 137
128 8 129
128 1 138
129 9 130
129 1 139
130 10 121
130 1 140
131 1 132
131 1 141
132 2 133
132 1 142
133 3 134
133 1 143
134 4 135
134 1 144
135 5 136
135 1 145
136 6 137
136 1 146
137 7 138
137 1 147
138 8 139
138 1 148
139 9 140
139 1 149
140 10 131
140 1 150
141 1 142
141 1 151
142 2 143
142 1 152
143 3 144
143 1 153
144 4 145
144 1 154
145 5 146
145 1 155
146 6 147
146 1 156
147 7 148
147 1 157
148 8 149
148 1 158
149 9 150
149 1 159
150 10 141
150 1 160
151 1 152
151 1 161
152 2 153
152 1 162
153 3 154
153 1 163
154 4 155
154 1 164
155 5 156
155 1 165
156 6 157
156 1 166
157 7 158
157 1 167
158 8 159
158 1 168
159 9 160
159 1 169
160 10 151
160 1 170
161 1 162
161 1 171
162 2 163
162 1 172
163 3 164
163 1 173
164 4 165
164 1 174
165 5 166
165 1 175
166 6 167
166 1 176
167 7 168
167 1 177
168 8 169
168 1 178
169 9 170
169 1 179
170 10 161
170 1 180
171 1 172
171 1 181
172 2 173
172 1 182
173 3 174
173 1 183
174 4 175
174 1 184
175 5 176
175 1 185
176 6 177
176 1 186
177 7 178
177 1 187
178 8 179
178 1 188
179 9 180
179 1 189
180 10 171
180 1 190
181 1 182
181 1 191
182 2 183
182 1 192
183 3 184
183 1 193
184 4 185
184 1 194
185 5 186
185 1 195
186 6 187
186 1 196
187 7 188
187 1 197
188 8 189
188 1 198
189 9 190
189 1 199
190 10 181
190 1 200
191 1 192
191 1 201
192 2 193
192 1 202
193 3 194
193 1 203
194 4 195
194 1 204
195 5 196
195 1 205
196 6 197
196 1 206
197 7 198
197 1 207
198 8 199
198 1 208
199 9 200
199 1 209
200 10 191
200 1 210
201 1 202
201 1 211
202 2 203
202 1 212
203 3 204
203 1 213
204 4 205
204 1 214
205 5 206
205 1 215
206 6 207
206 1 216
207 7 208
207 1 217
208 8 209
208 1 218
209 9 210
209 1 219
210 10 201
210 1 220
211 1 212
211 1 221
212 2 213
212 1 222
213 3 214
213 1 223
214 4 215
214 1 224
215 5 216
215 1 225
216 6 217
216 1 226
217 7 218
217 1 227
218 8 219
218 1 228
219 9 220
219 1 229
220 10 211
220 1 230
221 1 222
221 1 231
222 2 223
222 1 232
223 3 224
223 1 233
224 4 225
224 1 234
225 5 226
225 1 235
226 6 227
226 1 236
227 7 228
227 1 237
228 8 229
228 1 238
229 9 230
229 1 239
230 10 221
230 1 240
231 1 232
231 1 241
232 2 233
232 1 242
233 3 234
233 1 243
234 4 235
234 1 244
235 5 236
235 1 245
236 6 237
236 1 246
237 7 238
237 1 247
238 8 239
238 1 248
239 9 240
239 1 249
240 10 231
240 1 250
241 1 242
241 1 251
242 2 243
242 1 252
243 3 244
243 1 253
244 4 245
244 1 254
245 5 246
245 1 255
246 6 247
246 1 256
247 7 248
247 1 257
248 8 249
248 1 258
249 9 250
249 1 259
250 10 241
250 1 260
251 1 252
251 1 261
252 2 253
252 1 262
253 3 254
253 1 263
254 4 255
254 1 264
255 5 256
255 1 265
256 6 257
256 1 266
257 7 258
257 1 267
258 8 259
258 1 268
259 9 260
259 1 269
260 10 251
260 1 270
261 1 262
261 1 271
262 2 263
262 1 272
263 3 264
263 1 273
264 4 265
264 1 274
265 5 266
265 1 275
266 6 267
266 1 276
267 7 268
267 1 277
268 8 269
268 1 278
269 9 270
269 1 279
270 10 261
270 1 280
271 1 272
271 1 281
272 2 273
272 1 282
273 3 274
273 1 283
274 4 275
274 1 284
275 5 276
275 1 285
276 6 277
276 1 286
277 7 278
277 1 287
278 8 279
278 1 288
279 9 280
279 1 289
280 10 271
280 1 290
281 1 282
281 1 291
282 2 283
282 1 292
283 3 284
283 1 293
284 4 285
284 1 294
285 5 286
285 1 295
286 6 287
286 1 296
287 7 288
287 1 297
288 8 289
288 1 298
289 9 290
289 1 299
290 10 281
290 1 300
291 1 292
291 1 301
292 2 293
292 1 302
293 3 294
293 1 303
294 4 295
294 1 304
295 5 296
295 1 305
296 6 297
296 1 306
297 7 298
297 1 307
298 8 299
298 1 308
299 9 300
299 1 309
300 10 291
300 1 310
301 1 302
301 1 311
302 2 303
302 1 312
303 3 304
303 1 313
304 4 305
304 1 314
305 5 306
305 1 315
306 6 307
306 1 316
307 7 308
307 1 317
308 8 309
308 1 318
309 9 310
309 1 319
310 10 301
310 1 320
311 1 312
311 1 321
312 2 313
312 1 322
313 3 314
313 1 323
314 4 315
314 1 324
315 5 316
315 1 325
316 6 317
316 1 326
317 7 318
317 1 327
318 8 319
318 1 328
319 9 320
319 1 329
320 10 311
320 1 330
321 1 322
321 1 331
322 2 323
322 1 332
323 3 324
323 1 333
324 4 325
324 1 334
325 5 326
325 1 335
326 6 327
326 1 336
327 7 328
327 1 337
328 8 329
328 1 338
329 9 330
329 1 339
330 10 321
330 1 340
331 1 332
331 1 341
332 2 333
332 1 342
333 3 334
333 1 343
334 4 335
334 1 344
335 5 336
335 1 345
336 6 337
336 1 346
337 7 338
337 1 347
338 8 339
338 1 348
339 9 340
339 1 349
340 10 331
340 1 350
341 1 342
341 1 351
342 2 343
342 1 352
343 3 344
343 1 353
344 4 345
344 1 354
345 5 346
345 1 355
346 6 347
346 1 356
347 7 348
347 1 357
348 8 349
348 1 358
349 9 350
349 1 359
350 10 341
350 1 360
351 1 352
351 1 361
352 2 353
352 1 362
353 3 354
353 1 363
354 4 355
354 1 364
355 5 356
355 1 365
356 6 357
356 1 366
357 7 358
357 1 367
358 8 359
358 1 368
359 9 360
359 1 369
360 10 351
360 1 370
361 1 362
361 1 371
362 2 363
362 1 372
363 3 364
363 1 373
364 4 365
364 1 374
365 5 366
365 1 375
366 6 367
366 1 376
367 7 368
367 1 377
368 8 369
368 1 378
369 9 370
369 1 379
370 10 361
370 1 380
371 1 372
371 1 381
372 2 373
372 1 382
373 3 374
373 1 383
374 4 375
374 1 384
375 5 376
375 1 385
376 6 377
376 1 386
377 7 378
377 1 387
378 8 379
378 1 388
379 9 380
379 1 389
380 10 371
380 1 390
381 1 382
381 1 391
382 2 383
382 1 392
383 3 384
383 1 393
384 4 385
384 1 394
385 5 386
385 1 395
386 6 387
386 1 396
387 7 388
387 1 397
388 8 389
388 1 398
389 9 390
389 1 399
390 10 381
390 1 400
391 1 392
391 1 401
392 2 393
392 1 402
393 3 394
393 1 403
394 4 395
394 1 404
395 5 396
395 1 405
396 6 397
396 1 406
397 7 398
397 1 407
398 8 399
398 1 408
399 9 400
399 1 409
400 10 391
400 1 410
401 1 402
401 1 411
402 2 403
402 1 412
403 3 404
403 1 413
404 4 405
404 1 414
405 5 406
405 1 415
406 6 407
406 1 416
407 7 408
407 1 417
408 8 409
408 1 418
409 9 410
409 1 419
410 10 401
410 1 420
411 1 412
411 1 421
412 2 413
412 1 422
413 3 414
413 1 423
414 4 415
414 1 424
415 5 416
415 1 425
416 6 417
416 1 426
417 7 418
417 1 427
418 8 419
418 1 428
419 9 420
419 1 429
420 10 411
420 1 430
421 1 422
421 1 431
422 2 423
422 1 432
423 3 424
423 1 433
424 4 425
424 1 434
425 5 426
425 1 435
426 6 427
426 1 436
427 7 428
427 1 437
428 8 429
428 1 438
429 9 430
429 1 439
430 10 421
430 1 440
431 1 432
431 1 441
432 2 433
432 1 442
433 3 434
433 1 443
434 4 435
434 1 444
435 5 436
435 1 445
436 6 437
436 1 446
437 7 438
437 1 447
438 8 439
438 1 448
439 9 440
439 1 449
440 10 431
440 1 450
441 1 442
441 1 451
442 2 443
442 1 452
443 3 444
443 1 453
444 4 445
444 1 454
445 5 446
445 1 455
446 6 447
446 1 456
447 7 448
447 1 457
448 8 449
448 1 458
449 9 450
449 1 459
450 10 441
450 1 460
451 1 452
451 1 461
452 2 453
452 1 462
453 3 454
453 1 463
454 4 455
454 1 464
455 5 456
455 1 465
456 6 457
456 1 466
457 7 458
457 1 467
458 8 459
458 1 468
459 9 460
459 1 469
460 10 451
460 1 470
461 1 462
461 1 471
462 2 463
462 1 472
463 3 464
463 1 473
464 4 465
464 1 474
465 5 466
465 1 475
466 6 467
466 1 476
467 7 468
467 1 477
468 8 469
468 1 478
469 9 470
469 1 479
470 10 461
470 1 480
471 1 472
471 1 481
472 2 473
472 1 482
473 3 474
473 1 483
474 4 475
474 1 484
475 5 476
475 1 485
476 6 477
476 1 486
477 7 478
477 1 487
478 8 479
478 1 488
479 9 480
479 1 489
480 10 471
480 1 490
481 1 482
481 1 491
482 2 483
482 1 492
483 3 484
483 1 493
484 4 485
484 1 494
485 5 486
485 1 495
486 6 487
486 1 496
487 7 488
487 1 497
488 8 489
488 1 498
489 9 490
489 1 499
490 10 481
490 1 500
491 1 492
491 1 501
492 2 493
492 1 502
493 3 494
493 1 503
494 4 495
494 1 504
495 5 496
495 1 505
496 6 497
496 1 506
497 7 498
497 1 507
498 8 499
498 1 508
499 9 500
499 1 509
500 10 491
500 1 510
501 1 502
501 1 511
502 2 503
502 1 512
503 3 504
503 1 513
504 4 505
504 1 514
505 5 506
505 1 515
506 6 507
506 1 516
507 7 508
507 1 517
508 8 509
508 1 518
509 9 510
509 1 519
510 10 501
510 1 520
511 1 512
511 1 521
512 2 513
512 1 522
513 3 514
513 1 523
514 4 515
514 1 524
515 5 516
515 1 525
516 6 517
516 1 526
517 7 518
517 1 527
518 8 519
518 1 528
519 9 520
519 1 529
520 10 511
520 1 530
521 1 522
521 1 531
522 2 523
522 1 532
523 3 524
523 1 533
524 4 525
524 1 534
525 5 526
525 1 535
526 6 527
526 1 536
527 7 528
527 1 537
528 8 529
528 1 538
529 9 530
529 1 539
530 10 521
530 1 540
531 1 532
531 1 541
532 2 533
532 1 542
533 3 534
533 1 543
534 4 535
534 1 544
535 5 536
535 1 545
536 6 537
536 1 546
537 7 538
537 1 547
538 8 539
538 1 548
539 9 540
539 1 549
540 10 531
540 1 550
541 1 542
541 1 551
542 2 543
542 1 552
543 3 544
543 1 553
544 4 545
544 1 554
545 5 546
545 1 555
546 6 547
546 1 556
547 7 548
547 1 557
548 8 549
548 1 558
549 9 550
549 1 559
550 10 541
550 1 560
551 1 552
551 1 561
552 2 553
552 1 562
553 3 554
553 1 563
554 4 555
554 1 564
555 5 556
555 1 565
556 6 557
556 1 566
557 7 558
557 1 567
558 8 559
558 1 568
559 9 560
559 1 569
560 10 551
560 1 570
561 1 562
561 1 571
562 2 563
562 1 572
563 3 564
563 1 573
564 4 565
564 1 574
565 5 566
565 1 575
566 6 567
566 1 576
567 7 568
567 1 577
568 8 569
568 1 578
569 9 570
569 1 579
570 10 561
570 1 580
571 1 572
571 1 581
572 2 573
572 1 582
573 3 574
573 1 583
574 4 575
574 1 584
575 5 576
575 1 585
576 6 577
576 1 586
577 7 578
577 1 587
578 8 579
578 1 588
579 9 580
579 1 589
580 10 571
580 1 590
581 1 582
581 1 591
582 2 583
582 1 592
583 3 584
583 1 593
584 4 585
584 1 594
585 5 586
585 1 595
586 6 587
586 1 596
587 7 588
587 1 597
588 8 589
588 1 598
589 9 590
589 1 599
590 10 581
590 1 600
591 1 592
591 1 601
592 2 593
592 1 602
593 3 594
593 1 603
594 4 595
594 1 604
595 5 596
595 1 605
596 6 597
596 1 606
597 7 598
597 1 607
598 8 599
598 1 608
599 9 600
599 1 609
600 10 591
600 1 610
601 1 602
601 1 611
602 2 603
602 1 612
603 3 604
603 1 613
604 4 605
604 1 614
605 5 606
605 1 615
606 6 607
606 1 616
607 7 608
607 1 617
608 8 609
608 1 618
609 9 610
609 1 619
610 10 601
610 1 620
611 1 612
611 1 621
612 2 613
612 1 622
613 3 614
613 1 623
614 4 615
614 1 624
615 5 616
615 1 625
616 6 617
616 1 626
617 7 618
617 1 627
618 8 619
618 1 628
619 9 620
619 1 629
620 10 611
620 1 630
621 1 622
621 1 631
622 2 623
622 1 632
623 3 624
623 1 633
624 4 625
624 1 634
625 5 626
625 1 635
626 6 627
626 1 636
627 7 628
627 1 637
628 8 629
628 1 638
629 9 630
629 1 639
630 10 621
630 1 640
631 1 632
631 1 641
632 2 633
632 1 642
633 3 634
633 1 643
634 4 635
634 1 644
635 5 636
635 1 645
636 6 637
636 1 646
637 7 638
637 1 647
638 8 639
638 1 648
639 9 640
639 1 649
640 10 631
640 1 650
641 1 642
641 1 651
642 2 643
642 1 652
643 3 644
643 1 653
644 4 645
644 1 654
645 5 646
645 1 655
646 6 647
646 1 656
647 7 648
647 1 657
648 8 649
648 1 658
649 9 650
649 1 659
650 10 641
650 1 660
651 1 652
651 1 661
652 2 653
652 1 662
653 3 654
653 1 663
654 4 655
654 1 664
655 5 656
655 1 665
656 6 657
656 1 666
657 7 658
657 1 667
658 8 659
658 1 668
659 9 660
659 1 669
660 10 651
660 1 670
661 1 662
661 1 671
662 2 663
662 1 672
663 3 664
663 1 673
664 4 665
664 1 674
665 5 666
665 1 675
666 6 667
666 1 676
667 7 668
667 1 677
668 8 669
668 1 678
669 9 670
669 1 679
670 10 661
670 1 680
671 1 672
671 1 681
672 2 673
672 1 682
673 3 674
673 1 683
674 4 675
674 1 684
675 5 676
675 1 685
676 6 677
676 1 686
677 7 678
677 1 687
678 8 679
678 1 688
679 9 680
679 1 689
680 10 671
680 1 690
681 1 682
681 1 691
682 2 683
682 1 692
683 3 684
683 1 693
684 4 685
684 1 694
685 5 686
685 1 695
686 6 687
686 1 696
687 7 688
687 1 697
688 8 689
688 1 698
689 9 690
689 1 699
690 10 681
690 1 700
691 1 692
691 1 701
692 2 693
692 1 702
693 3 694
693 1 703
694 4 695
694 1 704
695 5 696
695 1 705
696 6 697
696 1 706
697 7 698
697 1 707
698 8 699
698 1 708
699 9 700
699 1 709
700 10 691
700 1 710
701 1 702
701 1 711
702 2 703
702 1 712
703 3 704
703 1 713
704 4 705
704 1 714
705 5 706
705 1 715
706 6 707
706 1 716
707 7 708
707 1 717
708 8 709
708 1 718
709 9 710
709 1 719
710 10 701
710 1 720
711 1 712
711 1 721
712 2 713
712 1 722
713 3 714
713 1 723
714 4 715
714 1 724
715 5 716
715 1 725
716 6 717
716 1 726
717 7 718
717 1 727
718 8 719
718 1 728
719 9 720
719 1 729
720 10 711
720 1 730
721 1 722
721 1 731
722 2 723
722 1 732
723 3 724
723 1 733
724 4 725
724 1 734
725 5 726
725 1 735
726 6 727
726 1 736
727 7 728
727 1 737
728 8 729
728 1 738
729 9 730
729 1 739
730 10 721
730 1 740
731 1 732
731 1 741
732 2 733
732 1 742
733 3 734
733 1 743
734 4 735
734 1 744
735 5 736
735 1 745
736 6 737
736 1 746
737 7 738
737 1 747
738 8 739
738 1 748
739 9 740
739 1 749
740 10 731
740 1 750
741 1 742
741 1 751
742 2 743
742 1 752
743 3 744
743 1 753
744 4 745
744 1 754
745 5 746
745 1 755
746 6 747
746 1 756
747 7 748
747 1 757
748 8 749
748 1 758
749 9 750
749 1 759
750 10 741
750 1 760
751 1 752
751 1 761
752 2 753
752 1 762
753 3 754
753 1 763
754 4 755
754 1 764
755 5 756
755 1 765
756 6 757
756 1 766
757 7 758
757 1 767
758 8 759
758 1 768
759 9 760
759 1 769
760 10 751
760 1 770
761 1 762
761 1 771
762 2 763
762 1 772
763 3 764
763 1 773
764 4 765
764 1 774
765 5 766
765 1 775
766 6 767
766 1 776
767 7 768
767 1 777
768 8 769
768 1 778
769 9 770
769 1 779
770 10 761
770 1 780
771 1 772
771 1 781
772 2 773
772 1 782
773 3 774
773 1 783
774 4 775
774 1 784
775 5 776
775 1 785
776 6 777
776 1 786
777 7 778
777 1 787
778 8 779
778 1 788
779 9 780
779 1 789
780 10 771
780 1 790
781 1 782
781 1 791
782 2 783
782 1 792
783 3 784
783 1 793
784 4 785
784 1 794
785 5 786
785 1 795
786 6 787
786 1 796
787 7 788
787 1 797
788 8 789
788 1 798
789 9 790
789 1 799
790 10 781
790 1 800
791 1 792
791 1 801
792 2 793
792 1 802
793 3 794
793 1 803
794 4 795
794 1 804
795 5 796
795 1 805
796 6 797
796 1 806
797 7 798
797 1 807
798 8 799
798 1 808
799 9 800
799 1 809
800 10 791
800 1 810
801 1 802
801 1 811
802 2 803
802 1 812
803 3 804
803 1 813
804 4 805
804 1 814
805 5 806
805 1 815
806 6 807
806 1 816
807 7 808
807 1 817
808 8 809
808 1 818
809 9 810
809 1 819
810 10 801
810 1 820
811 1 812
811 1 821
812 2 813
812 1 822
813 3 814
813 1 823
814 4 815
814 1 824
815 5 816
815 1 825
816 6 817
816 1 826
817 7 818
817 1 827
818 8 819
818 1 828
819 9 820
819 1 829
820 10 811
820 1 830
821 1 822
821 1 831
822 2 823
822 1 832
823 3 824
823 1 833
824 4 825
824 1 834
825 5 826
825 1 835
826 6 827
826 1 836
827 7 828
827 1 837
828 8 829
828 1 838
829 9 830
829 1 839
830 10 821
830 1 840
831 1 832
831 1 841
832 2 833
832 1 842
833 3 834
833 1 843
834 4 835
834 1 844
835 5 836
835 1 845
836 6 837
836 1 846
837 7 838
837 1 847
838 8 839
838 1 848
839 9 840
839 1 849
840 10 831
840 1 850
841 1 842
841 1 851
842 2 843
842 1 852
843 3 844
843 1 853
844 4 845
844 1 854
845 5 846
845 1 855
846 6 847
846 1 856
847 7 848
847 1 857
848 8 849
848 1 858
849 9 850
849 1 859
850 10 841
850 1 860
851 1 852
851 1 861
852 2 853
852 1 862
853 3 854
853 1 863
854 4 855
854 1 864
855 5 856
855 1 865
856 6 857
856 1 866
857 7 858
857 1 867
858 8 859
858 1 868
859 9 860
859 1 869
860 10 851
860 1 870
861 1 862
861 1 871
862 2 863
862 1 872
863 3 864
863 1 873
864 4 865
864 1 874
865 5 866
865 1 875
866 6 867
866 1 876
867 7 868
867 1 877
868 8 869
868 1 878
869 9 870
869 1 879
870 10 861
870 1 880
871 1 872
871 1 881
872 2 873
872 1 882
873 3 874
873 1 883
874 4 875
874 1 884
875 5 876
875 1 885
876 6 877
876 1 886
877 7 878
877 1 887
878 8 879
878 1 888
879 9 880
879 1 889
880 10 871
880 1 890
881 1 882
881 1 891
882 2 883
882 1 892
883 3 884
883 1 893
884 4 885
884 1 894
885 5 886
885 1 895
886 6 887
886 1 896
887 7 888
887 1 897
888 8 889
888 1 898
889 9 890
889 1 899
890 10 881
890 1 900
891 1 892
891 1 901
892 2 893
892 1 902
893 3 894
893 1 903
894 4 895
894 1 904
895 5 896
895 1 905
896 6 897
896 1 906
897 7 898
897 1 907
898 8 899
898 1 908
899 9 900
899 1 909
900 10 891
900 1 910
901 1 902
901 1 911
902 2 903
902 1 912
903 3 904
903 1 913
904 4 905
904 1 914
905 5 906
905 1 915
906 6 907
906 1 916
907 7 908
907 1 917
908 8 909
908 1 918
909 9 910
909 1 919
910 10 901
910 1 920
911 1 912
911 1 921
912 2 913
912 1 922
913 3 914
913 1 923
914 4 915
914 1 924
915 5 916
915 1 925
916 6 917
916 1 926
917 7 918
917 1 927
918 8 919
918 1 928
919 9 920
919 1 929
920 10 911
920 1 930
921 1 922
921 1 931
922 2 923
922 1 932
923 3 924
923 1 933
924 4 925
924 1 934
925 5 926
925 1 935
926 6 927
926 1 936
927 7 928
927 1 937
928 8 929
928 1 938
929 9 930
929 1 939
930 10 921
930 1 940
931 1 932
931 1 941
932 2 933
932 1 942
933 3 934
933 1 943
934 4 935
934 1 944
935 5 936
935 1 945
936 6 937
936 1 946
937 7 938
937 1 947
938 8 939
938 1 948
939 9 940
939 1 949
940 10 931
940 1 950
941 1 942
941 1 951
942 2 943
942 1 952
943 3 944
943 1 953
944 4 945
944 1 954
945 5 946
945 1 955
946 6 947
946 1 956
947 7 948
947 1 957
948 8 949
948 1 958
949 9 950
949 1 959
950 10 941
950 1 960
951 1 952
951 1 961
952 2 953
952 1 962
953 3 954
953 1 963
954 4 955
954 1 964
955 5 956
955 1 965
956 6 957
956 1 966
957 7 958
957 1 967
958 8 959
958 1 968
959 9 960
959 1 969
960 10 951
960 1 970
961 1 962
961 1 971
962 2 963
962 1 972
963 3 964
963 1 973
964 4 965
964 1 974
965 5 966
965 1 975
966 6 967
966 1 976
967 7 968
967 1 977
968 8 969
968 1 978
969 9 970
969 1 979
970 10 961
970 1 980
971 1 972
971 1 981
972 2 973
972 1 982
973 3 974
973 1 983
974 4 975
974 1 984
975 5 976
975 1 985
976 6 977
976 1 986
977 7 978
977 1 987
978 8 979
978 1 988
979 9 980
979 1 989
980 10 971
980 1 990
981 1 982
981 1 991
982 2 983
982 1 992
983 3 984
983 1 993
984 4 985
984 1 994
985 5 986
985 1 995
986 6 987
986 1 996
987 7 988
987 1 997
988 8 989
988 1 998
989 9 990
989 1 999
990 10 981
990 1 1000
991 1 992
992 2 993
993 3 994
994 4 995
995 5 996
996 6 997
997 7 998
998 8 999
999 9 1000
1000 10 991